{
 "cells": [
  {
   "cell_type": "markdown",
   "metadata": {},
   "source": [
    "# Cluster-Based Predictive Modeling (NBA Fantasy Points)"
   ]
  },
  {
   "cell_type": "markdown",
   "metadata": {},
   "source": [
    "## Setup"
   ]
  },
  {
   "cell_type": "markdown",
   "metadata": {},
   "source": [
    "### Imports"
   ]
  },
  {
   "cell_type": "code",
   "execution_count": 2,
   "metadata": {},
   "outputs": [],
   "source": [
    "import os\n",
    "import pandas as pd\n",
    "import matplotlib.pyplot as plt\n",
    "import plotly.express as px\n",
    "import seaborn as sns\n",
    "import warnings\n",
    "warnings.filterwarnings('ignore')\n",
    "%matplotlib inline"
   ]
  },
  {
   "cell_type": "markdown",
   "metadata": {},
   "source": [
    "### Load Data into DataFrame"
   ]
  },
  {
   "cell_type": "code",
   "execution_count": 3,
   "metadata": {},
   "outputs": [
    {
     "name": "stdout",
     "output_type": "stream",
     "text": [
      "Shape: (55968, 55) \n",
      "Index(['Date', 'Name', 'Team', 'MP', 'FG', 'FGA', 'FG%', '3P', '3PA', '3P%',\n",
      "       'FT', 'FTA', 'FT%', 'ORB', 'DRB', 'TRB', 'AST', 'STL', 'BLK', 'TOV',\n",
      "       'PF', 'PTS', 'GmSc', '+-', 'TeamAbbr', 'GameLink', 'Opponent', 'Home',\n",
      "       'GameType', 'id', 'fpts_fanduel', 'Season', 'FG_2game_avg',\n",
      "       'FGA_2game_avg', 'FG%_2game_avg', '3P_2game_avg', '3PA_2game_avg',\n",
      "       '3P%_2game_avg', 'FT_2game_avg', 'FTA_2game_avg', 'FT%_2game_avg',\n",
      "       'ORB_2game_avg', 'DRB_2game_avg', 'TRB_2game_avg', 'AST_2game_avg',\n",
      "       'STL_2game_avg', 'BLK_2game_avg', 'TOV_2game_avg', 'PF_2game_avg',\n",
      "       'PTS_2game_avg', 'GmSc_2game_avg', '+-_2game_avg',\n",
      "       'fpts_fanduel_2game_avg', 'PTS_per_FGA_2game_avg', 'kmeans_cluster'],\n",
      "      dtype='object')\n"
     ]
    }
   ],
   "source": [
    "data_dir = '/teamspace/uploads/'\n",
    "df = pd.read_parquet(f'{data_dir}/player_stats_with_clusters_2022_2024_2.parquet')\n",
    "print(f'Shape: {df.shape} \\n{df.columns}')"
   ]
  },
  {
   "cell_type": "code",
   "execution_count": 4,
   "metadata": {},
   "outputs": [
    {
     "data": {
      "text/html": [
       "<div>\n",
       "<style scoped>\n",
       "    .dataframe tbody tr th:only-of-type {\n",
       "        vertical-align: middle;\n",
       "    }\n",
       "\n",
       "    .dataframe tbody tr th {\n",
       "        vertical-align: top;\n",
       "    }\n",
       "\n",
       "    .dataframe thead th {\n",
       "        text-align: right;\n",
       "    }\n",
       "</style>\n",
       "<table border=\"1\" class=\"dataframe\">\n",
       "  <thead>\n",
       "    <tr style=\"text-align: right;\">\n",
       "      <th></th>\n",
       "      <th>Date</th>\n",
       "      <th>Name</th>\n",
       "      <th>Team</th>\n",
       "      <th>MP</th>\n",
       "      <th>FG</th>\n",
       "      <th>FGA</th>\n",
       "      <th>FG%</th>\n",
       "      <th>3P</th>\n",
       "      <th>3PA</th>\n",
       "      <th>3P%</th>\n",
       "      <th>...</th>\n",
       "      <th>STL_2game_avg</th>\n",
       "      <th>BLK_2game_avg</th>\n",
       "      <th>TOV_2game_avg</th>\n",
       "      <th>PF_2game_avg</th>\n",
       "      <th>PTS_2game_avg</th>\n",
       "      <th>GmSc_2game_avg</th>\n",
       "      <th>+-_2game_avg</th>\n",
       "      <th>fpts_fanduel_2game_avg</th>\n",
       "      <th>PTS_per_FGA_2game_avg</th>\n",
       "      <th>kmeans_cluster</th>\n",
       "    </tr>\n",
       "  </thead>\n",
       "  <tbody>\n",
       "    <tr>\n",
       "      <th>4557</th>\n",
       "      <td>2022-10-18</td>\n",
       "      <td>noah vonleh</td>\n",
       "      <td>Boston Celtics</td>\n",
       "      <td>20.166667</td>\n",
       "      <td>1</td>\n",
       "      <td>2</td>\n",
       "      <td>0.5</td>\n",
       "      <td>0</td>\n",
       "      <td>0</td>\n",
       "      <td>0.0</td>\n",
       "      <td>...</td>\n",
       "      <td>0.0</td>\n",
       "      <td>0.0</td>\n",
       "      <td>1.0</td>\n",
       "      <td>2.5</td>\n",
       "      <td>1.0</td>\n",
       "      <td>-1.25</td>\n",
       "      <td>-2.0</td>\n",
       "      <td>2.40</td>\n",
       "      <td>0.666667</td>\n",
       "      <td>3</td>\n",
       "    </tr>\n",
       "    <tr>\n",
       "      <th>14351</th>\n",
       "      <td>2022-10-18</td>\n",
       "      <td>de'anthony melton</td>\n",
       "      <td>Philadelphia 76ers</td>\n",
       "      <td>20.550000</td>\n",
       "      <td>2</td>\n",
       "      <td>4</td>\n",
       "      <td>0.5</td>\n",
       "      <td>1</td>\n",
       "      <td>2</td>\n",
       "      <td>0.5</td>\n",
       "      <td>...</td>\n",
       "      <td>0.5</td>\n",
       "      <td>0.0</td>\n",
       "      <td>0.0</td>\n",
       "      <td>0.0</td>\n",
       "      <td>1.5</td>\n",
       "      <td>1.80</td>\n",
       "      <td>-9.0</td>\n",
       "      <td>6.45</td>\n",
       "      <td>0.600000</td>\n",
       "      <td>3</td>\n",
       "    </tr>\n",
       "    <tr>\n",
       "      <th>3461</th>\n",
       "      <td>2022-10-18</td>\n",
       "      <td>blake griffin</td>\n",
       "      <td>Boston Celtics</td>\n",
       "      <td>8.283333</td>\n",
       "      <td>0</td>\n",
       "      <td>2</td>\n",
       "      <td>0.0</td>\n",
       "      <td>0</td>\n",
       "      <td>1</td>\n",
       "      <td>0.0</td>\n",
       "      <td>...</td>\n",
       "      <td>1.5</td>\n",
       "      <td>0.0</td>\n",
       "      <td>2.0</td>\n",
       "      <td>4.5</td>\n",
       "      <td>6.0</td>\n",
       "      <td>5.95</td>\n",
       "      <td>-9.5</td>\n",
       "      <td>21.40</td>\n",
       "      <td>1.000000</td>\n",
       "      <td>2</td>\n",
       "    </tr>\n",
       "    <tr>\n",
       "      <th>9848</th>\n",
       "      <td>2022-10-18</td>\n",
       "      <td>danuel house jr.</td>\n",
       "      <td>Philadelphia 76ers</td>\n",
       "      <td>16.200000</td>\n",
       "      <td>0</td>\n",
       "      <td>2</td>\n",
       "      <td>0.0</td>\n",
       "      <td>0</td>\n",
       "      <td>1</td>\n",
       "      <td>0.0</td>\n",
       "      <td>...</td>\n",
       "      <td>1.0</td>\n",
       "      <td>0.0</td>\n",
       "      <td>1.0</td>\n",
       "      <td>1.0</td>\n",
       "      <td>1.5</td>\n",
       "      <td>1.60</td>\n",
       "      <td>-3.0</td>\n",
       "      <td>12.95</td>\n",
       "      <td>0.272727</td>\n",
       "      <td>3</td>\n",
       "    </tr>\n",
       "    <tr>\n",
       "      <th>12649</th>\n",
       "      <td>2022-10-18</td>\n",
       "      <td>donte divincenzo</td>\n",
       "      <td>Golden State Warriors</td>\n",
       "      <td>21.616667</td>\n",
       "      <td>3</td>\n",
       "      <td>6</td>\n",
       "      <td>0.5</td>\n",
       "      <td>1</td>\n",
       "      <td>2</td>\n",
       "      <td>0.5</td>\n",
       "      <td>...</td>\n",
       "      <td>1.0</td>\n",
       "      <td>0.0</td>\n",
       "      <td>0.5</td>\n",
       "      <td>1.0</td>\n",
       "      <td>11.0</td>\n",
       "      <td>8.40</td>\n",
       "      <td>-3.5</td>\n",
       "      <td>17.40</td>\n",
       "      <td>1.375000</td>\n",
       "      <td>0</td>\n",
       "    </tr>\n",
       "  </tbody>\n",
       "</table>\n",
       "<p>5 rows × 55 columns</p>\n",
       "</div>"
      ],
      "text/plain": [
       "            Date               Name                   Team         MP  FG  \\\n",
       "4557  2022-10-18        noah vonleh         Boston Celtics  20.166667   1   \n",
       "14351 2022-10-18  de'anthony melton     Philadelphia 76ers  20.550000   2   \n",
       "3461  2022-10-18      blake griffin         Boston Celtics   8.283333   0   \n",
       "9848  2022-10-18   danuel house jr.     Philadelphia 76ers  16.200000   0   \n",
       "12649 2022-10-18   donte divincenzo  Golden State Warriors  21.616667   3   \n",
       "\n",
       "       FGA  FG%  3P  3PA  3P%  ...  STL_2game_avg  BLK_2game_avg  \\\n",
       "4557     2  0.5   0    0  0.0  ...            0.0            0.0   \n",
       "14351    4  0.5   1    2  0.5  ...            0.5            0.0   \n",
       "3461     2  0.0   0    1  0.0  ...            1.5            0.0   \n",
       "9848     2  0.0   0    1  0.0  ...            1.0            0.0   \n",
       "12649    6  0.5   1    2  0.5  ...            1.0            0.0   \n",
       "\n",
       "       TOV_2game_avg  PF_2game_avg  PTS_2game_avg  GmSc_2game_avg  \\\n",
       "4557             1.0           2.5            1.0           -1.25   \n",
       "14351            0.0           0.0            1.5            1.80   \n",
       "3461             2.0           4.5            6.0            5.95   \n",
       "9848             1.0           1.0            1.5            1.60   \n",
       "12649            0.5           1.0           11.0            8.40   \n",
       "\n",
       "       +-_2game_avg  fpts_fanduel_2game_avg  PTS_per_FGA_2game_avg  \\\n",
       "4557           -2.0                    2.40               0.666667   \n",
       "14351          -9.0                    6.45               0.600000   \n",
       "3461           -9.5                   21.40               1.000000   \n",
       "9848           -3.0                   12.95               0.272727   \n",
       "12649          -3.5                   17.40               1.375000   \n",
       "\n",
       "       kmeans_cluster  \n",
       "4557                3  \n",
       "14351               3  \n",
       "3461                2  \n",
       "9848                3  \n",
       "12649               0  \n",
       "\n",
       "[5 rows x 55 columns]"
      ]
     },
     "execution_count": 4,
     "metadata": {},
     "output_type": "execute_result"
    }
   ],
   "source": [
    "df.head()"
   ]
  },
  {
   "cell_type": "markdown",
   "metadata": {},
   "source": [
    "### Correlation Matrix"
   ]
  },
  {
   "cell_type": "code",
   "execution_count": 31,
   "metadata": {},
   "outputs": [
    {
     "data": {
      "application/vnd.plotly.v1+json": {
       "config": {
        "plotlyServerURL": "https://plot.ly"
       },
       "data": [
        {
         "coloraxis": "coloraxis",
         "hovertemplate": "Correlation: %{z}<br>Feature 1: %{x}<br>Feature 2: %{y}",
         "name": "0",
         "type": "heatmap",
         "x": [
          "MP",
          "FG",
          "FGA",
          "FG%",
          "3P",
          "3PA",
          "3P%",
          "FT",
          "FTA",
          "FT%",
          "ORB",
          "DRB",
          "TRB",
          "AST",
          "STL",
          "BLK",
          "TOV",
          "PF",
          "PTS",
          "GmSc",
          "+-",
          "fpts_fanduel",
          "Home",
          "FG_2game_avg",
          "FGA_2game_avg",
          "FG%_2game_avg",
          "3P_2game_avg",
          "3PA_2game_avg",
          "3P%_2game_avg",
          "FT_2game_avg",
          "FTA_2game_avg",
          "FT%_2game_avg",
          "ORB_2game_avg",
          "DRB_2game_avg",
          "TRB_2game_avg",
          "AST_2game_avg",
          "STL_2game_avg",
          "BLK_2game_avg",
          "TOV_2game_avg",
          "PF_2game_avg",
          "PTS_2game_avg",
          "GmSc_2game_avg",
          "+-_2game_avg",
          "fpts_fanduel_2game_avg",
          "PTS_per_FGA_2game_avg",
          "kmeans_cluster"
         ],
         "xaxis": "x",
         "y": [
          "MP",
          "FG",
          "FGA",
          "FG%",
          "3P",
          "3PA",
          "3P%",
          "FT",
          "FTA",
          "FT%",
          "ORB",
          "DRB",
          "TRB",
          "AST",
          "STL",
          "BLK",
          "TOV",
          "PF",
          "PTS",
          "GmSc",
          "+-",
          "fpts_fanduel",
          "Home",
          "FG_2game_avg",
          "FGA_2game_avg",
          "FG%_2game_avg",
          "3P_2game_avg",
          "3PA_2game_avg",
          "3P%_2game_avg",
          "FT_2game_avg",
          "FTA_2game_avg",
          "FT%_2game_avg",
          "ORB_2game_avg",
          "DRB_2game_avg",
          "TRB_2game_avg",
          "AST_2game_avg",
          "STL_2game_avg",
          "BLK_2game_avg",
          "TOV_2game_avg",
          "PF_2game_avg",
          "PTS_2game_avg",
          "GmSc_2game_avg",
          "+-_2game_avg",
          "fpts_fanduel_2game_avg",
          "PTS_per_FGA_2game_avg",
          "kmeans_cluster"
         ],
         "yaxis": "y",
         "z": [
          [
           1,
           0.7312555101141183,
           0.7961807238707532,
           0.2696444991439955,
           0.4769157661134602,
           0.5897715396730948,
           0.2738662644213138,
           0.486714340146981,
           0.49599823758581285,
           0.453307612038978,
           0.2806435256605793,
           0.5737639278439091,
           0.5613586946006254,
           0.5681000144301008,
           0.36595183084020133,
           0.24174442055963088,
           0.48272112050811294,
           0.43208220013944054,
           0.746941279565036,
           0.6945693333934666,
           0.09624189984641639,
           0.7876025914268224,
           -0.0032138816361816174,
           0.6215836423012967,
           0.6558791699091663,
           0.2321557541448082,
           0.4175479230373731,
           0.48422549191365827,
           0.25720686905808837,
           0.44816682407496927,
           0.4514105334790414,
           0.4357007468904733,
           0.20732685838509154,
           0.47094410411234805,
           0.4404062601479395,
           0.49510422707821095,
           0.3293881731334117,
           0.2022397961289058,
           0.4670758463719942,
           0.37930534110116076,
           0.6296188957631794,
           0.5941878013725744,
           0.07304571294760671,
           0.6379643152527508,
           0.1343069602169804,
           -0.03463799493360492
          ],
          [
           0.7312555101141183,
           1,
           0.8975937151313739,
           0.45570722292030674,
           0.5784071130586222,
           0.5583855723874619,
           0.3496477922597875,
           0.5124975860153038,
           0.5232594914425672,
           0.4191168706682232,
           0.24259353580540421,
           0.4849195050078826,
           0.476555197954852,
           0.48217959901713375,
           0.2856588108411096,
           0.18627516198012295,
           0.44277902437558503,
           0.2906780891262631,
           0.9689852006974986,
           0.9063792982773167,
           0.181135891298709,
           0.8547786625482288,
           0.007919045874769355,
           0.6273440806154793,
           0.649887824161362,
           0.18362092498569055,
           0.331967088470277,
           0.39758395590861917,
           0.1693146466932247,
           0.4989203781855884,
           0.5030953652793975,
           0.417754044079269,
           0.16408603709462782,
           0.4230108101487241,
           0.3874624928062425,
           0.4557059579858964,
           0.24871920279756934,
           0.1681622305379039,
           0.4649380985071329,
           0.2645578625790371,
           0.6334143989338479,
           0.5799883135894511,
           0.06390041385020861,
           0.6026679769718707,
           0.11227826870155087,
           0.008231021243503087
          ],
          [
           0.7961807238707532,
           0.8975937151313739,
           1,
           0.18676383578359274,
           0.558103417778043,
           0.7106128899962044,
           0.2507965828866058,
           0.5444500050728976,
           0.5460477645817651,
           0.4456576132236654,
           0.22249336895458266,
           0.4709871423753992,
           0.45771420292827486,
           0.5411296291101189,
           0.30787540228948207,
           0.1551773270823309,
           0.4789578788623201,
           0.2945781706387873,
           0.8984024075290185,
           0.7574244742400587,
           0.08376594380469607,
           0.8247141625076382,
           -0.0022350125184101644,
           0.687957178503154,
           0.7417033973384045,
           0.15585951864558006,
           0.4445835507794267,
           0.530372768817858,
           0.23854554173270087,
           0.5390700593724768,
           0.5365287907810291,
           0.45760555077228765,
           0.10432839369105383,
           0.4137589804076532,
           0.3583901567464356,
           0.5202903983829895,
           0.2832667626103839,
           0.13069993927190335,
           0.5180231353804559,
           0.2749028415868285,
           0.7049037523337166,
           0.6208026763287456,
           0.059656482919308765,
           0.6530634435372604,
           0.09210691611477101,
           0.04234986675145476
          ],
          [
           0.2696444991439955,
           0.45570722292030674,
           0.18676383578359274,
           1,
           0.23795969267260766,
           0.028132826668245636,
           0.39579973350884246,
           0.12977550970131252,
           0.14848597437835848,
           0.1647982705544639,
           0.16639199227887774,
           0.23319129778862507,
           0.24867128777289182,
           0.11207519105751354,
           0.10436810380873207,
           0.14484272524331052,
           0.12910577059862807,
           0.18107630865700494,
           0.4100103656593066,
           0.4919101152790209,
           0.1785256947707693,
           0.35502522086381144,
           0.008214243494883408,
           0.14074478632835377,
           0.10746825150485956,
           0.16337185231752335,
           -0.014749734777265615,
           -0.01976202771273298,
           -0.02318419283445495,
           0.10473365104864216,
           0.11719923116052372,
           0.11594426170499192,
           0.1784282349769555,
           0.18489730285688022,
           0.20849013810412548,
           0.07429921820145625,
           0.06194943738790862,
           0.13852365188831717,
           0.09649582356879542,
           0.13321088511093318,
           0.1266874022769243,
           0.15515047057603884,
           0.02669864205993265,
           0.1587961771253508,
           0.10862516843518764,
           -0.08944711620284983
          ],
          [
           0.4769157661134602,
           0.5784071130586222,
           0.558103417778043,
           0.23795969267260766,
           1,
           0.8195696791544828,
           0.6723998112289863,
           0.20286665417606642,
           0.18312077504773444,
           0.20513895688367154,
           -0.07399461733420493,
           0.1593550251683278,
           0.0963269810351089,
           0.28962342796074153,
           0.17390103146332545,
           0.00755137922194335,
           0.22435580082129875,
           0.13809586438028942,
           0.6449665943969186,
           0.5709322117448441,
           0.1682635604710749,
           0.5012078748366416,
           0.012284317796236675,
           0.31543253532463295,
           0.3910055849259359,
           0.0029226514461413913,
           0.45896584960658193,
           0.5230381884808731,
           0.26907824952473713,
           0.19802929599035204,
           0.1725499457605289,
           0.202290975090861,
           -0.11070876170612033,
           0.10152484671578134,
           0.03795260864057963,
           0.2632682419154573,
           0.15235120702588117,
           -0.021858794337742057,
           0.2221791394496203,
           0.09791663502274404,
           0.3499061581076304,
           0.27125271975034587,
           0.046551600392748874,
           0.293463933533371,
           0.008579727151663276,
           0.06236349145226272
          ],
          [
           0.5897715396730948,
           0.5583855723874619,
           0.7106128899962044,
           0.028132826668245636,
           0.8195696791544828,
           1,
           0.3729280600421836,
           0.27556387623759576,
           0.25163637915274584,
           0.2658594497515324,
           -0.07567434858323,
           0.19889003462219348,
           0.1267653037315631,
           0.37262647652342074,
           0.21829760985029084,
           0.005882495259226012,
           0.28837484271872754,
           0.16927120567324985,
           0.6197376911345961,
           0.46958442271023015,
           0.07358234591896705,
           0.5212108174557505,
           0.002235805017016175,
           0.4159346932627765,
           0.5173184303712174,
           0.000530776192699053,
           0.5892902275641786,
           0.6770645490505117,
           0.34463999530616335,
           0.2685007262976301,
           0.23958324811561046,
           0.2679618354211728,
           -0.13940015132426326,
           0.13976740504272236,
           0.05701984793520281,
           0.3445165652023726,
           0.20102227974882975,
           -0.030336804240091404,
           0.3002575137736282,
           0.13304296996466597,
           0.4608019391207291,
           0.3542885024316299,
           0.05082680214773771,
           0.38618133899791274,
           0.0071955788102372395,
           0.08449379954099222
          ],
          [
           0.2738662644213138,
           0.3496477922597875,
           0.2507965828866058,
           0.39579973350884246,
           0.6723998112289863,
           0.3729280600421836,
           1,
           0.08592083620504773,
           0.07196109101131726,
           0.10408501544015279,
           -0.0737275788346477,
           0.07627173843045855,
           0.03108093662756477,
           0.15697792609061031,
           0.10137995969411215,
           -0.010666744821836747,
           0.11589724408134824,
           0.09086333463422183,
           0.3913428473004257,
           0.3866505248346312,
           0.14941912463646764,
           0.2894837463815252,
           0.013501234451777368,
           0.14066458950809346,
           0.18387877909677924,
           -0.013989214994174404,
           0.2315841376165985,
           0.2672746073562355,
           0.213439442614898,
           0.0816569826750112,
           0.06291595579781943,
           0.0922967254773494,
           -0.09613463052659384,
           0.030105767129237036,
           -0.0119608040297261,
           0.13480796680224083,
           0.08541736699320517,
           -0.03692984942525855,
           0.0986709477986643,
           0.05073509828109389,
           0.15848837677820757,
           0.11639141218279923,
           0.027126616371283913,
           0.12986888232982857,
           -0.010782097119932652,
           0.03733052638749393
          ],
          [
           0.486714340146981,
           0.5124975860153038,
           0.5444500050728976,
           0.12977550970131252,
           0.20286665417606642,
           0.27556387623759576,
           0.08592083620504773,
           1,
           0.9610447077007516,
           0.6841214768452303,
           0.1656323630824678,
           0.3495211540412235,
           0.3398748950342075,
           0.3690321469078857,
           0.18955375748211203,
           0.13042704809928518,
           0.36466162450013123,
           0.204239708627067,
           0.675651605067212,
           0.6342034151317669,
           0.09522248849683043,
           0.6024270567080132,
           0.011608619340930427,
           0.4857192213969034,
           0.49912771279929774,
           0.1250211836861893,
           0.20650180579924352,
           0.2567192915306023,
           0.09830402521595084,
           0.5126619972354827,
           0.512898769591225,
           0.3650497463941124,
           0.11688694667736599,
           0.31527348813612677,
           0.28679592528685655,
           0.3594509406874091,
           0.1733982865740267,
           0.12392856355731441,
           0.3815763428449124,
           0.19239815976354163,
           0.5142141244867267,
           0.47103774270177395,
           0.054985739615353,
           0.476012904584916,
           0.10864348768814262,
           0.023080861804715365
          ],
          [
           0.49599823758581285,
           0.5232594914425672,
           0.5460477645817651,
           0.14848597437835848,
           0.18312077504773444,
           0.25163637915274584,
           0.07196109101131726,
           0.9610447077007516,
           1,
           0.6168418327461629,
           0.20542588237570575,
           0.3799816771643125,
           0.37943912882182235,
           0.36626813768539546,
           0.1954477418318318,
           0.15204050719616224,
           0.37361583983641355,
           0.21864055151162218,
           0.6700946818934075,
           0.6254597211398137,
           0.08664789365257877,
           0.6094783309632194,
           0.008417945410919994,
           0.4908818845165448,
           0.4976294909988746,
           0.1414072228071715,
           0.18032933996529454,
           0.22912311536473115,
           0.07705063637543368,
           0.5147032403103835,
           0.5245578240241712,
           0.3650915442267443,
           0.15222681282863298,
           0.3432516989621585,
           0.32140275261780527,
           0.3562946923994744,
           0.17353094224658272,
           0.14438794832558044,
           0.39070498890100475,
           0.20888620631931457,
           0.5144984944710357,
           0.47662593003568576,
           0.05391313373229422,
           0.48321621960401884,
           0.11652120460521803,
           0.010589085094240587
          ],
          [
           0.453307612038978,
           0.4191168706682232,
           0.4456576132236654,
           0.1647982705544639,
           0.20513895688367154,
           0.2658594497515324,
           0.10408501544015279,
           0.6841214768452303,
           0.6168418327461629,
           1,
           0.1517615919879007,
           0.29050053163295775,
           0.28801169976243274,
           0.30033658883751563,
           0.17114695910056704,
           0.1138277638303197,
           0.2886334530006823,
           0.207112502886439,
           0.5237378158047512,
           0.49713146679193854,
           0.0822096578491056,
           0.481469902287003,
           0.004910174508344272,
           0.372937259773138,
           0.38900796142496746,
           0.12364196017486147,
           0.19473572912979847,
           0.23427846208441072,
           0.10307637401640254,
           0.3402872013873222,
           0.3377963845979893,
           0.31415116287685313,
           0.10618865630676655,
           0.24909456156250245,
           0.2316691028508688,
           0.2757629291523318,
           0.15111059312183098,
           0.10317154446064207,
           0.28983436957468456,
           0.18372286242473146,
           0.38704193171644813,
           0.3537650059650255,
           0.033223604034082525,
           0.36719634965335884,
           0.09402057466966376,
           -0.005067769621269874
          ],
          [
           0.2806435256605793,
           0.24259353580540421,
           0.22249336895458266,
           0.16639199227887774,
           -0.07399461733420493,
           -0.07567434858323,
           -0.0737275788346477,
           0.1656323630824678,
           0.20542588237570575,
           0.1517615919879007,
           1,
           0.36882551842896627,
           0.6822541364176719,
           0.06997432353988947,
           0.0932360614471647,
           0.24641603239188714,
           0.1340944705791669,
           0.21059139628500922,
           0.21080098007070508,
           0.3131897823230589,
           0.04322681064136046,
           0.35334530638117245,
           0.0029280582277700705,
           0.14768578691167433,
           0.08893959217146646,
           0.20171985603611256,
           -0.11517421292411553,
           -0.1290927899748452,
           -0.11058291696100418,
           0.10946488749163857,
           0.14517603501123869,
           0.10815912511627243,
           0.40697230347288926,
           0.3272476581556212,
           0.4024393471100018,
           0.02125470668898631,
           0.06202315557828478,
           0.23843151528541734,
           0.10024109313190757,
           0.19830596400000655,
           0.11760397147888756,
           0.18256546515962577,
           0.02239933098565171,
           0.19903652022117524,
           0.11695329237536449,
           -0.13291771168010735
          ],
          [
           0.5737639278439091,
           0.4849195050078826,
           0.4709871423753992,
           0.23319129778862507,
           0.1593550251683278,
           0.19889003462219348,
           0.07627173843045855,
           0.3495211540412235,
           0.3799816771643125,
           0.29050053163295775,
           0.36882551842896627,
           1,
           0.9312032351481536,
           0.32624287357543186,
           0.17335997689466784,
           0.2965487808122657,
           0.34833831075649924,
           0.29339214518727924,
           0.4766375709819893,
           0.5363461334886076,
           0.17211019145887446,
           0.6469510376692849,
           0.01362328429911588,
           0.41640144068645774,
           0.38595217435831625,
           0.22336319018920112,
           0.11007381541029429,
           0.13254873865597352,
           0.046329876220188505,
           0.3193530263197472,
           0.3476939663928186,
           0.2751456848849607,
           0.35063399294282316,
           0.5468828570037865,
           0.5517141366813327,
           0.26231842319650833,
           0.16160204585286442,
           0.2686443572164272,
           0.31816121355512256,
           0.2779436302176799,
           0.4006493367223616,
           0.4315868785482116,
           0.06186269808417712,
           0.4661030179807979,
           0.13484474873814098,
           -0.08523330535980485
          ],
          [
           0.5613586946006254,
           0.476555197954852,
           0.45771420292827486,
           0.24867128777289182,
           0.0963269810351089,
           0.1267653037315631,
           0.03108093662756477,
           0.3398748950342075,
           0.37943912882182235,
           0.28801169976243274,
           0.6822541364176719,
           0.9312032351481536,
           1,
           0.28405287172602334,
           0.17292190628717347,
           0.32988755069421377,
           0.32657700723801647,
           0.3133561034798405,
           0.4575735178112771,
           0.5446899330899736,
           0.15232787045490012,
           0.6474352359177625,
           0.011863887364174748,
           0.38544317390504634,
           0.33845555375020986,
           0.2547945266373901,
           0.04141542681722148,
           0.05363537900852465,
           -0.006923134579108652,
           0.2941196476440815,
           0.33041579137925103,
           0.2588354587622272,
           0.43539102738768054,
           0.5584905544826799,
           0.5917769090164163,
           0.21466659493364063,
           0.15143342173120217,
           0.3048076808385683,
           0.289565118201445,
           0.2963870766746142,
           0.36125654960982406,
           0.4110655450169798,
           0.057443136536361114,
           0.444673960577356,
           0.15192765838215816,
           -0.11916522402669348
          ],
          [
           0.5681000144301008,
           0.48217959901713375,
           0.5411296291101189,
           0.11207519105751354,
           0.28962342796074153,
           0.37262647652342074,
           0.15697792609061031,
           0.3690321469078857,
           0.36626813768539546,
           0.30033658883751563,
           0.06997432353988947,
           0.32624287357543186,
           0.28405287172602334,
           1,
           0.27618102298752434,
           0.057627919534183204,
           0.42679288172670915,
           0.18870512271678536,
           0.5011274848489616,
           0.5698972116930965,
           0.16143369326928475,
           0.6437331066620098,
           0.012200141826552807,
           0.46176230374309596,
           0.5012544808427026,
           0.09949218272202992,
           0.2862805078880902,
           0.341691842183505,
           0.1697334551506451,
           0.3803043924312752,
           0.3757534663957188,
           0.31411038070848046,
           0.027286064782160366,
           0.27208934617764446,
           0.22052568683277332,
           0.6420707552267323,
           0.26287603343374405,
           0.039101723068423064,
           0.4592601105201685,
           0.17978949392622426,
           0.47589196687842233,
           0.46888317134992535,
           0.058395573108585466,
           0.5007638275965457,
           0.0546947361057126,
           0.07428227217469538
          ],
          [
           0.36595183084020133,
           0.2856588108411096,
           0.30787540228948207,
           0.10436810380873207,
           0.17390103146332545,
           0.21829760985029084,
           0.10137995969411215,
           0.18955375748211203,
           0.1954477418318318,
           0.17114695910056704,
           0.0932360614471647,
           0.17335997689466784,
           0.17292190628717347,
           0.27618102298752434,
           1,
           0.084625321565231,
           0.2063375202415648,
           0.1549883538528534,
           0.28959959821659115,
           0.3732629062848109,
           0.11287733464617053,
           0.4606148009015998,
           0.0014548841636059862,
           0.2121138148583619,
           0.2306062779987585,
           0.0657349610095586,
           0.14084145597983447,
           0.16880210146972385,
           0.08906430169563657,
           0.1596324838922962,
           0.15948583525177223,
           0.1449764384987277,
           0.06066069046167992,
           0.14018964543940607,
           0.13071197838390858,
           0.2199782495348598,
           0.20150337297778295,
           0.06617682047286423,
           0.1801275309536233,
           0.13036329761246937,
           0.21627425526755512,
           0.21503590881474932,
           0.03196862464694347,
           0.24024898061119623,
           0.03192573186154712,
           0.002484462377768274
          ],
          [
           0.24174442055963088,
           0.18627516198012295,
           0.1551773270823309,
           0.14484272524331052,
           0.00755137922194335,
           0.005882495259226012,
           -0.010666744821836747,
           0.13042704809928518,
           0.15204050719616224,
           0.1138277638303197,
           0.24641603239188714,
           0.2965487808122657,
           0.32988755069421377,
           0.057627919534183204,
           0.084625321565231,
           1,
           0.11721736503850143,
           0.17549486660947997,
           0.17327883224942142,
           0.260510289952945,
           0.08741744818592884,
           0.3550819165570589,
           0.003952713263750969,
           0.14725613289750747,
           0.10921063381931403,
           0.1445144713698178,
           -0.024902548037043074,
           -0.029807626441849304,
           -0.03905766361690804,
           0.1154401994810635,
           0.13448062557004775,
           0.10648278702163423,
           0.23066774280995564,
           0.2471925065565453,
           0.27584588159969625,
           0.031007138771047715,
           0.0681178878517645,
           0.3314626746733369,
           0.09628235208118087,
           0.1633789130643231,
           0.13256373522406534,
           0.17465368242308718,
           0.03785443090432019,
           0.19286679838312998,
           0.08837084439073613,
           -0.10804206480369691
          ],
          [
           0.48272112050811294,
           0.44277902437558503,
           0.4789578788623201,
           0.12910577059862807,
           0.22435580082129875,
           0.28837484271872754,
           0.11589724408134824,
           0.36466162450013123,
           0.37361583983641355,
           0.2886334530006823,
           0.1340944705791669,
           0.34833831075649924,
           0.32657700723801647,
           0.42679288172670915,
           0.2063375202415648,
           0.11721736503850143,
           1,
           0.26969643858143577,
           0.4601518057879284,
           0.3165712570395621,
           -0.0245689169503347,
           0.43042911042696547,
           -0.005724059894482031,
           0.43797722719608034,
           0.46195946238875746,
           0.12461549564178338,
           0.21800669245831478,
           0.27029591107868556,
           0.11209535820060489,
           0.3768570622004137,
           0.38272087037303537,
           0.3032871561299723,
           0.10450913607657031,
           0.309109720128693,
           0.2774877923052711,
           0.4289267973287572,
           0.19224411791708496,
           0.102892778609754,
           0.4153261001285258,
           0.2181424726901879,
           0.44723052017777204,
           0.41547244354870694,
           0.03304724025848563,
           0.4461199974329516,
           0.07719867690393369,
           0.021927019931479986
          ],
          [
           0.43208220013944054,
           0.2906780891262631,
           0.2945781706387873,
           0.18107630865700494,
           0.13809586438028942,
           0.16927120567324985,
           0.09086333463422183,
           0.204239708627067,
           0.21864055151162218,
           0.207112502886439,
           0.21059139628500922,
           0.29339214518727924,
           0.3133561034798405,
           0.18870512271678536,
           0.1549883538528534,
           0.17549486660947997,
           0.26969643858143577,
           1,
           0.29130676531803096,
           0.2220805761594935,
           0.010343088541720839,
           0.32635769966200684,
           -0.01211230872356509,
           0.24414096066456004,
           0.2385267823272472,
           0.15639648001469122,
           0.10382392086413034,
           0.12078881679150352,
           0.06605727129432751,
           0.17707984396451026,
           0.191382703639479,
           0.18704832545505584,
           0.19503185058067646,
           0.25983598354032095,
           0.272560083969814,
           0.15817458102424437,
           0.15146799942131123,
           0.17963960340708587,
           0.20013951334269578,
           0.2999626656371825,
           0.23837069975863862,
           0.24006450656758624,
           0.02130321493114593,
           0.2721889224991131,
           0.09358633435795838,
           -0.07932382118043323
          ],
          [
           0.746941279565036,
           0.9689852006974986,
           0.8984024075290185,
           0.4100103656593066,
           0.6449665943969186,
           0.6197376911345961,
           0.3913428473004257,
           0.675651605067212,
           0.6700946818934075,
           0.5237378158047512,
           0.21080098007070508,
           0.4766375709819893,
           0.4575735178112771,
           0.5011274848489616,
           0.28959959821659115,
           0.17327883224942142,
           0.4601518057879284,
           0.29130676531803096,
           1,
           0.930662491192946,
           0.18656444620798876,
           0.8727146514636348,
           0.01092783007518956,
           0.6433990941480375,
           0.6759913700155731,
           0.16913282435016058,
           0.3750538658679686,
           0.44729412403145075,
           0.1951799700689411,
           0.5363399372303196,
